
<APPENDIX>

<TABLE=COUNTY OF ABERDEEN, BY PARISHES.>

          8.            9.          10.           11.          12.          13.               14.
      Minister's       No.                                  Capital                        Total annual
     Stipend, etc.     of      Total income     Num-       stock of the    Annual Col-     income of the
     the grain con-   Scho-    of the School-   ber of      Poor's         lections.       Poor, includ-
     verted.          lars.    master           Poor.       Funds.                         ing collec-
                                                                                           tions.
     L.   s.   d.             L.   s.   d.               L.   s.    d.    L.   s.   d.    L.   s.   d.
 
    175    8    0                                240     265    0     0   102   12    0   165   17    0
     72   11    8          
    126    0    0                                481                                      829    0    0
    126    0    0   
    126    0    0 
    126    0    0 
     62   19    0      57     *14    0    0       30     150    0     0    12   10    0    20    0    0
    *80    0    0     *35     *14    0    0      *30                                      *20    0    0
 5   97    9    4      16      17   10    6       15    2000    0     0     8    1    9    15   18    0
     65    7    2      26       9   16    0       11      40    0     0     8    0    0    11    0    0
    108   10    0      24      21   12    2       24     120    0     0    29    0    0    34    8    0
    111    0    0      20      16    0    0       35     200    0     0    32    5    6    41    1    6
    105   11   61 1/4 110      10    0    0       65     800    0     0    12    0    0    50    0    0
10.  81    0   51 1/2  12       6    2    0        8     100    0     0     8    9    0    12   10    0
     54   15   61 1/2  30      11    7    1 1/3   16      50    0     0     2    0    0     4   10    0
    118   13    4     *90     *14    0    0      *60                                      *40    0    0
    119   14    0      40      18    6    6       35     106    0     0    18    0    0    35    0    0
     75   15    0      18      11   19    4       10                        6    5    6     6    5    6
15. 107    7    5      60     *40    0    0       14      70    0     0    10    0    0    13    0    0
    133    1    2      80      13    1    1 1/3   24      10    0     0    10    0    0    10   10    0
     97    9    4     *24       9    7    0        8      38    0     0     4   10    0     6    0    0
     98    3    0      70      10   11    1 1/2  100     125    0     0    15    0    0    21    5    0
    109    4    5 1/4  22      13    1    1 1/3   21     150    0     0    10   19    0    20    5    0
20. 126    3    1 1/3  36       9    5    6       63     130    0     0    30    0    0    45    0    0
     71   12    0      36      12    4    0       12      20    0     0    13   15    6    21    3    6

     90   10    9 1/2  30      10    0    0       15      80    0     0     9    0    0    12   16    0
    126    6    8       4      10    8   10 2/3   50     200    0     0    40    0    0    50    0    0
25. 151    0    0      35      32   18    0       80      55    0     0    56    0    0   100    0    0
     67   15    8     *30     *14    0    0       12                                       24   10    5
    105   13    4      22      18   13    1 1/4   18     128    8   10 2/3 13    0    0    21   12    0
    102   11    3     *10      12   12    0        5      30    0     0     8   10    0    11    0    0
    107    6    8      36      15    2    0       25     260    0     0    11    6    0    23    6    0
30. 130   10    0     *60      18   11    1 1/4   40     200    0     0                    43    0    0
     87    5    0      30      16   14    1 1/4   16      20    0     0    16   10    0    18    6    0
     60   12    0      30     *14    0    0        6      25    0     0     2    0    0     3    5    0
    116   17    1 1/3  25      18    6    7 1/3   26     158    7    2 1/2 23   19    5    46    9    9 1/4
    136   18    0      50      21   11    1 2/3   42     300    0     0    26    0    0    41    0    0
35. 129    1    1 1/4  40      26   12    7       88     225   11    1 1/3 36    0    0    63    0    0
    129   11    1 1/4  30      10    4    0       43                       40    0    0    40    0    0
     94    0    0     100      13    5    0       30     200    0     0    17    0    0    25    3    9
     87    6    8      32     *14    0    0       40     150    0     0     7   10    0    15    0    0
    *70    0    0      20       9    0    0        7      20    0     0     3    0    0     4    0    0
40. 117   12    0      53      13    1    1 1/4   91     469    0     0    12    0    0    14   18    0

</TABLE>


