
     of Grange.

period, will appear probable, from the table below, accurately
extracted from the register of baptisms and marriages*.

<FOOTNOTE>

<TABLE>

In the Year 1684 from 15th March, the Baptisms are 51; and in the

Year   Mal.   Fem.        Bapt.     Mar.      Year   Mal.       Fem.       Bapt.      Mar.
1685                       80                 1716    28         37         65         16
1686                                          1717    28         36         64         11
      torn.
1887                                          1718    26         20         46         10
1688                       46                 1719    37         31         68         14
1689                       54                 1720    25         21         46         16
      defa-                        
1690  ced.                                    Av.     30 1/10    29 3/10    59 4/10    14 3/10
1691                       40      
1692                       70                 1721    30         26         56         14
1693                       57                 1722    33         17         50         11
1694  Defa-                                   1723    23         18         14         19
1695  ced                            12       1724    29         19         48         16
1996  and                            15       1725    33         25         58         14
1697  im-                            13       1726    25         24         49         14
1698  per-                            9       1727    22         28         50         12
1699  fect.                           9       1728    23         14         37         16
1700                                  2       1729    29         19         48          9
                                              1730    23         22         45         16
Av.                        57 5/6    10
                                              Av.     27         21 3/10    48 2/10    14 2/10
1701   17       9          26        14        
1702   21      18          39        18       1731    14         20         34         17
1703   17      21          38        19       1732    24         20         44         15
1704   24      22          46        15       1733    24         14         38         25
1705   16      24          40        21       1734    33         17         50         24
1706   28      22          50        18       1735    22         24         46         21
1707   30      26          56                 1736    22         31         53         11
1708   21      21          42                 1737    20         18         38         21
1709   37      31          68         9       1738    28         30         58         15
1710   29      17          46        12       1739    26         28         54         10
                                              1740    15         17         32         26
Av.    24      21 1/10     45 1/10   15 6/8
                                              Av.     22 8/10    21 9/10    44 7/10    18 5/10

1711   31      31          62        14       
1712   30      36          66        16       1741    18         23         41          8
1713   33      27          60        14       1742    20         17         37         19
1714   36      28          64        20       1743    27         22         49         19
1715   27      26          53        12       1744    36         28         64         15

</TABLE>


