
<TABLE=A TABLE of the FIARS of the County of BERWICK, from the 1689 to the 1792, inclusive.>

                             Crop 1689.                 1690.                  1691.               1692.                 1693.               1694.         
             Struck at Candlemas.  At Lammas.  Candlemas.   Lammas.   Candlemas.  Lammas.  Candlemas.   Lammas.  Candlemas.  Lammas.  Candlemas.  Lammas.                 
                    
Wheat, the boll      L.6  0 0   L.6 13 4   L.7  5 0   L.6 13 4   L.5 12 0   L.6  0 0   L.7 10 0   L.6  0 0   L.8  0 0   L.10  0 0   L.6 10 0   L.7  0 0 
Merse bear,            4 12 0     7  0 0     6 12 0     6   0 0    3 16 0     4  0 0     4  6 8     4 10 0     5  0 0      5 10 0     4 16 0     5  4 0   
Lammermuir bear,       4  4 0     6 13 4     6  0 0     5 13 4     3 12 0     3 16 0     4  0 0     4  6 0     4 16 0      5  6 0     4 12 0     5  0 0   
Merse oats.            4 10 0     6  0 0     4 16 0     4 16 0     2 16 0     3  0 0     3  4 0     3  6 0     3 12 0      4 16 0     3 16 0     5  8 0 
Lammermuir oats,       4  4 0     5 10 0     4 10 0     4 10 0     2 12 0     2 16 0     3  0 0     3  6 0     3  6 0      4 10 0     3 12 0     5  4 0  
Pease,                 4  4 0     6  6 8     6 10 0     6 13 4     4  0 0     4  0 0     4  0 0     4 10 0     4  0 0      5  0 0     4  0 0     5 12 0  
Meal, old measure,     5 16 0     7  4 0     6 10 0     5 16 0     4  0 0     4  0 0     4  6 0     4 10 0     4 16 0      6  0 0     5 12 0     6  4 0

                           1695.                     1696.                  1697.                  1698.                 1699.                   1700.              
Wheat, the boll,     L.8  0 0   L.11  0 0   L.9 12 0   L.9 0  0   L.10  0 0   L.12 0  0   L.11  0 0   L.14  0 0   L.11 13 4   L.10  0 0   L.7 0  0   L.5 10 0        
Merse bear,            5 10 0     12  0 0     9 16 0     9 13 4      7  0 0     11 14 0     10  0 0     14  0 0      9  0 0      9  0 0     6 10 0     4 10 0
Lammermuir bear,       5  6 0     11 13 4     7 10 0     6 10 0      6  0 0      8  0 0      7  0 0     10 10 0      7 14 0      7 10 0     5 10 0     4  0 0
Merse oats,            5  6 0     11 13 4     6 13 4     7  0 0      4 16 0     10  0 0      8  0 0     10 10 0      7 13 4      7  0 0     4  0 0     3 12 0 
Lammermuir oats,       5  4 0     11  6 8     5 10 0     4  0 0      4  0 0      7  0 0      5  0 0      8  0 0      6  6 8      5 16 0     3  0 0     3  4 0
Pease,                 7  0 0     12  0 0     7 10 0     9 10 0      7  0 0     12  0 0     10 10 0     14  0 0      8 10 0      9  0 0     4  0 0     3 16 0        
Meal, old measure,     7 10 0     16  0 0     10 0 0    10  8 0      6  8 0     12 16 0     12  0 0     15  0 0      8 16 0      8 16 0     4 16 0     4 10 0 
  
                          1701.                 1702.                1703.                 1704.                 1705.                 1706.                        
Wheat, the boll,    L.5 10 0   L.6  0 0          0   L.5 10 0   L.7  0 0   L.8  0 0   L.5 16 0   L.6  0 0   L.5  9 0   L.4 14 0   L.4  0 0   L.5  0 0                                          
Merse bear,           4 16 0     4 16 0        4 0     4 10 0     5 10 0     7  0 0     4 16 0     5  0 0     5  6 0     4 10 0     3  6 0     3  6 0
Lammermuir bear,      4  8 0     4  6 8     3 14 0     4  0 0     4 16 0     6  6 8     4  8 0     4 10 0     4 16 0     4  0 0     2 16 0     2 18 0
Merse oats,           3 10 0     4 10 0     3 18 0     4 10 0     3 12 0     5 13 4     3  6 8     3 16 0     3 14 0     3  6 8     2  0 0     2  8 0 
Lammermuir oats,      3  0 0     4  0 0     3  0 0     4  0 0     3  4 0     5  0 0     3  0 0     3  6 0     3  6 8     2 18 0     1 12 0     2  2 0
Pease,                3  0 0     3 12 0     3 12 0     4 10 0     3 16 0     6  0 0     3 12 0     5  0 0     4  8 0     4  0 0     1 18 0     2  8 0
Meal,old measure,     3 18 0     5  8 0     4 16 0     4 18 0     4 18 0     7  4 0     4  6 8     5  4 0     4  0 0     4 10 0     2 10 0     3  0 0

                          1707.                 1708.                    1709.                1710.                  1711.                  1712.  
Wheat, the boll,    L.5 16 0   L.5 16 0   L.7 13 4   L.11  0 0   L.10 10 0   L.9 10 0   L.6 10 0   L.8  0 0   L.7 13 8   L.7  0 0   L.6 10 0   L.7  0 0
Merse bear,           3 14 0     3 18 0     5 10 0      9  0 0      7  0 0     7 10 0     6  0 0     5 16 0     5  8 0     4 14 0     4  0 0     4 10 0 
Lammermuir bear,      3  9 0     3 14 0     5  1 0      8  0 0      6  0 0     6 14 0     5  6 0     5  4 0     5  4 0     4  6 0     3 12 0     4  0 0
Merse oats,           2 18 0     3  8 0     4  6 0      7  8 0      5 12 0     5 12 0     4 16 0     4 16 0     4  4 0     4  4 0     3  4 0     3 16 0
Lammermuir oats,      2 12 0     3  2 0     3 18 0      6 14 0      4 18 0     5  0 0     4  4 0     4  4 0     3 18 0     3 18 0     2 16 0     3 10 0
Pease,                2 10 0     3  0 0     5  0 0      9  0 0      6 10 0     7  0 0     5 14 0     6  0 0     4  0 0     3 16 0     3  0 0     4  4 0
Meal,old measure,     3 12 0     4  4 0     6  0 0     10 10 0      7 12 0     7  4 0     5 17 0     5 17 0     5  0 0     5 10 0     4  4 0     4 10 0
 
                           1713.                1714.                  1715.                1716.                 1717.                  1718.
Wheat, the boll,    L.9 10 0   L.7  0 0   L.7  0 0   L.6  0 0   L.6  0 0   L.6 12 0   L.6  0 0   L.6 10 0   L.6 10 0   L.6  6 0   L.5  6 0   L.6  4 0    
Merse bear,           5 10 0     5 16 0     6  0 0     5 10 0     4 12 0     4  8 0     4  4 0     4  8 0     4 12 0     4 16 0     5  0 0     5  8 0
Lammermuir bear,      5  0 0     5  8 0     5  8 0     5  0 0     4  2 0     4  0 0     3 18 0     3 18 0     4  0 0     4  6 0     4 14 0     4 16 0
Merse oats,           3 12 0     4 10 0     4  4 0     4  6 0     3 14 0     3  8 0     4 10 0     4  4 0     3 16 0     4  2 0     4  0 0     4 16 0
Lammermuir oats,      3  0 0     3 18 0     3 12 0     4  0 0     3  2 0     3  0 0     3  4 0     3 18 0     3  8 0     3 16 0     3 14 0     4 10 0
Pease,                7 10 0     6  4 0     6 10 0     6  0 0     5  0 0     4  6 0     3  6 0     3 16 0     3 12 0     4  0 0     3 10 0     4  0 0
Meal,old measure,     4 12 0     5  0 0     5  8 0     5  0 0     4 12 0     4  6 0     4 10 0     4 16 0     5  0 0     5  0 0     5  0 0     5  8 0

                            1719.                  1720.                 1721.                1722.                   1723.                 1724.
Wheat, the boll,     L.6  0 0   L.6  0 0   L.5  0 0   L.5 14 0   L.6  0 0   L.7 14 0   L.7  0 0   L.7 10 0   L. 6 15 0              L.8  0 0
Merse bear,            6  0 0     6  0 0     5 10 0     5  8 0     4  8 0     5  6 0     5 10 0     6  0 0      6  4 0                5  8 0
Lammermuir bear,       5 12 0     5 10 0     5  0 0     5  0 0     4  3 0     4 18 0     5  0 0     5  4 0      5  8 0                5  0 0
Merse oats,            5  8 0     4 16 0     3 16 0     4  2 0     3 12 9     5  8 0     4 10 0     5  4 0      5  8 0                4  4 0
Lammermuir oats,       5  4 0     4 10 0     3 12 0     3 16 0     3  7 0     5  4 0     4  4 0     4 16 0      3 16 0                4  0 0
Pease,                 5 16 0     5  0 0     4  0 0     4 10 0     5  0 0     5 18 0     6  0 0     6  0 0      5 10 0                5  0 0
Meal, old measure,     5  8 0     5  8 0     4  8 0     5  0 0     4 10 0     6 15 0     5  8 0     6  6 0      5 10 0                4 16 0 8 stone to the boll.]

Struck at Candlemas,           1725.      1726.      1727.      1728.      1729.      1730.     1731.       1732.     1733.       1734.     1735.       1736.
Wheat, the boll,             L.8  6 0   L.7 16 0   L.8  6 0   L.8  8 0   L.7  4 0   L.6  0 0   L.5  6 0   L.5  0 0   L.7  4 0   L.8  0 0   L.7 10 0   L.7 10 0
Merse bear,                    6  6 0     5 12 0     6 12 0     7  4 0     5 12 0     4  6 0     4 10 0     3 14 0     5  0 0     4 16 0     5  2 0     6 17 0
Lammermuir bear,               5 16 0     5  0 0     6  0 0     6 18 0     5  0 0     4  4 0     4  0 0     3  4 0     4 10 0     4  8 0     4 10 0     5 17 0
Merse oats,                    4 12 0     4  0 0     4  4 0     5  8 0     4 10 0     3 14 0     4  0 0     3  4 0     4  0 0     3 16 0     4 16 0     5  2 0
Lammermuir oats,               4  6 0     3 16 0     4  0 0     5  2 0     4  0 0     3  6 0     3 12 0     2 16 0     3 16 0     3 10 0     4 12 0     4 14 0
Pease,                         7 10 0     4  4 0     6  4 0     5 12 0     4  0 0     3  6 0     3 10 0     3 12 0     4  0 0     4  0 0     4 16 0     6  6 0
Meal, 8 stone to the boll,     5  4 0     4 12 0     5  2 0     5 16 0     5 12 0     4  0 0     4  4 0     3 10 0     4 16 0     4 16 0     5  4 0     5  2 0

   Struck at Candlemas,        1737.      1738.      1739.      1740.      1741.       1742.      1743.      1744.      1745.       1746.      1747.      1748.
Wheat, the boll,             L.7 16 0   L.6  8 0   L. 6 16 0   L.11  8 0   L.7  4 0   L.6  0 0   L.4 16 0   L.5  4 0   L.9  0 0   L.7  4 0   L.7  4 0   L.8  6 0
Merse bear,                    6 10 0     4 16 0      5  2 0      8 14 0     5 16 0     6  0 0     3 18 0     4 10 0     5 14 0     5  5 0     5  6 0     5 16 0
Lammermuir bear,               5 14 0     4  4 0      4  4 0      7 16 0     5  4 0     5  2 0     3  6 0     3  6 0     5  2 0     4 10 0     5  0 0     5  4 0
Merse oats,                    4 12 0     3  6 0      4  4 0      7 10 0     4  6 0     4  0 0     3  0 0     4  4 0     6  0 0     4  7 0     3 10 0     4 14 0
Lammermuir oats,               4  4 0     3  0 0      3 12 0      6 10 0     4  0 0     3 14 0     2 14 0     3  0 0     5 14 0     3 16 0     3  7 0     4 10 0
Pease,                         7  0 0     3  6 0      3 16 0      11 0 0     4 16 0     4 10 0     2 16 0     3  6 0     6 12 0     3 12 0     3 18 0     3 16 0
Meal, 8 stone to the boll,     5  4 0     4  0 0      5 12 0      9  2 0     5  0 0     4  4 0     3  6 0     5 12 0     6  8 0     5  0 0     4  0 0     5  0 0

   Struck at Candlemas,        1749.      1750.      1751.     1752.      1753.      1754.      1755.       1756.       1757.     1758.      1759.       1760.
Wheat, the boll,             L.7  4 0   L.7  4 0   L.9  0 0   L.3  0 0   L.7 12 0   L.6 12 0   L.7  4 0   L.10 14 0   L.9 12 0   L.7  4 0   L.7  0 0   L.8  0 0
Merse barley,                  0  0 0     0  0 0     0  0 0     7  0 0     7  0 0     4 16 0     5 10 0      9  9 0     7 10 0     4 13 0     4 16 0     4 16 0
Merse rough bear,              4 16 0     4 12 0     6  6 0     6  8 0     6  6 0     4  8 0     5  0 0      8 17 0     6 18 0     4  1 0     4 10 0     4  4 0
Lammermuir bear,               4  8 0     4  4 0     5 14 0     5 16 0     5 14 0     4  0 0     4 10 0      8  0 0     6  0 0     4  0 0     4  1 0     3 18 0
Merse oats,                    4 12 0     4  8 0     6  6 0     6  0 0     5 16 0     4  8 0     5 14 0      7  4 0     6 17 0     4  0 0     3 12 0     4  4 0
Lammermuir oats,               4  8 0     4  6 0     5 14 0     5 14 0     5  0 0     4  0 0     5  0 0      6  6 0     6  5 0     3 16 0     3  6 0     3 18 0
Pease,                         3  9 0     3 18 0     6  0 0     8  0 0     5  4 0     3 16 0     4 16 0     10 14 0     6  8 0     4  4 0     4 16 0     4 10 0
Meal, 8 stone to the boll,     4 16 0     5  0 0     7  4 0     6 18 0     6  0 0     4 16 0     6  0 0      8  8 0     7  4 0     4  8 0     4  0 0     4 14 0

   Struck at Candlemas,        1761.      1762.     1763.      1764.       1765.       1766.       1767.      1768.     1769.      1770.        1771.     1772.
Wheat, the boll,             L.6 12 0   L.9  0 0   L.8 10 0   L.9  4 0   L.10  0 0   L.10 16 0   L.10  9 0   L.9  0 0   L.8 16 0   L.8 12 0   L.11  4 0   L.11 6 0
Merse barley,                  4  8 0     7 16 0     6 10 0     6  9 0      7  0 0      9  3 0      7  1 0     5  2 0     6  8 0     6 18 0      8  0 0      9 0 0
Merse rough bear,              4  0 0     7  4 0     5 18 0     5 10 0      6 14 0      8 11 0      6 15 0     4 10 0     5 14 0     6 10 0      7  0 0      8 8 0
Lammermuir bear,               3 15 0     6 12 0     5 10 0     5  6 0      6  6 0      8  0 0      6 11 0     4 10 0     5  2 0     6  2 0      6 10 0      8 0 0
Merse oats,                    3 16 0     8  0 0     4 12 0     5  6 0      6 18 0      7 10 0      6  6 0     4 14 0     5 11 0     6  3 0      7  4 0      7 1 0
Lammermuir oats,               3  6 0     7  4 0     4  4 0     4 16 0      6  6 0      6 10 0      5 14 0     4  4 0     6 16 0     5  8 0      6  0 0      6 0 0
Pease,                         3  6 0     5 16 0     5 14 0     6 18 0      6  3 0      7 10 0      7  8 0     7 16 0     5  8 0     6  8 0      5 12 0      7 8 0
Meal, 8 stone to the boll,     4 16 0     8 16 0     5 16 0     6  4 0      8  0 0      7 16 0      7  6 0     5 14 0     6  3 0     6 18 0      7 16 0      8 0 0

   Struck at Candlemas,        1773.       1774.      1775.      1776.       1777.      1778.       1779.       1780.      1781.      1782.       1783.       1784.
Wheat, the boll,            L.12  8 0   L.10  8 0   L.8 16 0   L.9  0 8   L.11  4 0   L.9  0 0   L.7 10 0   L.10 16 0   L.9 16 0   L.12 16 0   L.11  0 0   L.11  8 0
Merse barley,                  8  0 0      8  5 0     6 18 0     5  0 0      6 18 0     6 12 0     4 19 0      6  6 0     6  0 0     12  6 0      9  9 0      9  0 0
Merse rough bear,              7  8 0      7  4 0     6  6 0     4 17 6      6  6 0     6  6 0     4 13 0      5 14 0     5 14 0     10 16 0      8 14 0      8 14 0
Lammermuir bear,               7  4 0      7  0 0     6  0 0     4  4 0      6  0 0     6  0 0     4 10 0      5 14 0     5  2 0     10  0 0      8  8 0      8  8 0
Merse oats,                    6 15 0      6  9 0     4 16 0     4 12 8      5 11 0     5 14 0     4  7 0      6  3 0     4 19 0      9  0 0      7  7 0      7 10 0
Lammermuir oats,               6  0 0      6  8 0          0     3 13 0      5  2 0     5  0 0     4  4 0      5 16 0     4 13 0      7  9 0      7  0 0      7  0 0
Pease,                         6  0 0      5 16 0     4 16 0     4 10 8      5 10 0     4 10 0     4  0 0      5  0 0     5  2 0     11  8 0      6 16 0      8  8 0
Meal, 8 stone to the boll,     7 10 0      7  8 0     6  0 0     5  3 4      6  0 0     6  0 0     4 13 0      6  9 0     5 17 0     11  8 0      8  8 0      7 16 0

   Struck at Candlemas,        1785.      1786.       1787.                               1788.       1789.       1790.       1791.       1792.
Wheat, the boll,            L.10 12 0   L.10  4 0   L.10 16 0   Wheat the boll         L.11  8 0   L.12 16 0   L.12  8 0   L.11  4 0   L.11  8 0
Merse barley,                  8  2 0      8  0 0      8  8 0   Merse barley              7  0 0      9  0 0      8 14 0     10  0 0     11  0 0
Merse rough bear,              7  4 0      7 14 0      7  4 0   Lammermuir barley         6  0 0      8  8 0      7 16 0      9  0 0     10  4 0
Lammermuir bear,               6 12 0      7  8 0      7 10 0   Rough bear                6  8 0      7 10 0      7  4 0      8  8 0      9 18 0
Merse oats,                    6  6 0      6 12 0      6 12 0   Merse oats                5  0 0      6  6 0      7  4 0      7  4 0      7 10 0
Lammermuir oats,               5  8 0      6  0 0      5  8 0   Lammermuir oats           4  8 0      5  0 0      6 12 0      6  3 0      6 12 0
Pease,                         6  8 0      8  0 0      8  0 0   Pease                     5  4 0      7  4 0      8  0 0      6 16 0      7 12 0
Meal, 8 stone to the boll,     7  4 0      7 16 0      7  4 0   Meal & stone to the boll  5 14 0      7  4 0      7 16 0      7 10 0      8  8 0


