
                              PETERHEAD.                                                                                391
TABLE=ABSTRACT Account of Stranger Beggars and Vagrants (Men, Women, and Children,) who have entered the
                                                                 Town of Peterhead during the years undernoted.>

          Jan.        Feb.       March.      April.       May.        June.       July.      August.     Sept.       Octob.       Nov.        Dec.           Totals.
       M.  W.  C.  M.  W.  C.  M.  W.  C.  M.  W.  C.  M.  W.  C.  M.  W.  C.  M.  W.  C.  M.  W.  C.  M.  W.  C.  M.  W.  C.  M.  W.  C.  M.  W.  C.    M.    W.    C.

1832   24   8   5  26   6   0  19   3   1  12   2   2   8   9   3  23  12   8  23  14  12  14   9   9  11   3   2  16   4   4   8   7   0   9   3   4   193    80    50   ==  323
1833   17   6   1   9   3   4  19   1   6  30  18  11  65  27  24  44  19  13  54  33  22  46  21  11  46  17   6  31  21  21  31  12  10  24   9  10   416   187   139   ==  742
1834   29  16   6  32  13  11  34  24  10  36  29  17  29  15  13  39  24  10  34  17  16  19  13   8  28  16  26  31  13  17  27  15  12  24   7   7   362   202   163   ==  727
1835   24  11   9  35  16   8  25   9   7  42  12  15  36  22  20  54  26  24  60  26  31  51  21  12  67  26  28  52  25  18  50  24  19  33  26  13   529   244   204   ==  977
1836   32  15   7  42  13   7  48  27  19  46  26  21  34  20   9  62  30  32  64  39  11  43  15   9  37  20  10  51  23  31  44  24  11  43  23  17   546   275   184   == 1005
1837   36  21   8  38  16  12  48  19  16  45  30  23  53  25  17  54  31  13  75  45  38  61  37  28  50  30  28  64  42  29  58  34  28  65  38  25   647   368   265   == 1280
1838   N   or  ec  or  d.      75  40  29  64  23  26  63  28  17  50  27  15  70  37  35  48  25  13  37  21  12  46  25  10  24  24  16  51  23  15   528   273   188   ==  989
1839   37  28  18  37  17  15  57  24  22  46  21  19  54  19  41  52  25  15  54  23  29  39  21   9                                                   376   178   168   ==  722
                                                                                                                                                        ---   ---   ---   -------
                                                                                                                                       Total number    3597  1807  1361      6765


