
     of Kilsyth.

<TABLE>

Years.   Marriages.   Males.   Females.   Not of this   Total   Births.
                                             Parish
1719        23          25       29           3           80      54
1720         8          31       31           3           73      62
1721        17          35       23           4           79      58
1722        16          31       28          16           91      59
1723        19          35       26          17           97      61
1724        23          32       23          17           95      58
1725        10          36       33          22          101      69
1726        26          28       32          14          100      60
1727        25          33       36           8          102      69
1728        13          26       29           0           68      55
           -----       -----    ----        ----        ----     -----
Average     18 2/10     31 2/10  29          10 4/10              60 5/10

1729        10          32       30           3           75      62    
1730        17          22       18           2           59      40
1731        26          26       31           4           87      57
1732        12          31       36           1           80      67
1733        20          30       21           1           72      51
1734        18          37       32           8           95      69
1735        13          28       21           5           67      49
1736        17          23       35           2           77      58
1737        11          37       33           2           83      70
1738         6          28       22           3           59      50
           -----       -----    ----         -----      -----    -----
Average     15          29 4/10  27 9/10      3 1/10              57 3/10

1739        11          34       30           3           78      64
1740        10          26       26           2           54      52
1741         6          22       20           3           51      42
1742        12          28       20           2           62      48
1743        17          32       25           1           75      57
1744        14          27       23           3           67      50
1745        11          35       27           2           75      62
1746         8          27       25           1           61      52
1747        13          22       42           3           80      64
1748        17          28       24           3           72      52
           ----        -----    ----        -----        ----   ------
Average     11 9/10     28 1/10  26 /10       2 3/10              54 3/10

</TABLE>


