
     Statistical Account

<TABLE>

Years.   Marriages.   Males.   Females.   Not of this   Total   Births.
                                             Parish
1688         2          14        5           3           24      19
1689         4           5        4           1           14       9
1690         0           5        3           0            8       8
1691         9           6        9           0           24      15
1692         9           9       11           0           29      20
1693        13          26       28           2           69      54
1694        15          34       20           3           72      54
1695        24          31       11           3           69      42
1696        19          20       29           1           69      49
1697        17          24       23           1           65      47
           -----       ----    ------       -----        -----  ------
Average     11 2/10     17 4/10  14 1/10      1 4/10              40 7/10

1698        14          24       18           1           57      42    
1699        19          22       22           4           67      44
1700        12          20       12           1           45      32
1701        23          30       20           1           74      50
1702        12          29       18           0           59      47
1703        14          25       27           1           67      52
1704        15          27       22           2           66      49
1705        14          16       21           1           52      37
1706        10          29       35           1           75      64
1707        13          32       21           3           69      53
           ----        ----     -----       -----        -----   ----
Average     14 6/10     25 4/10  21 6/10      1 5/10              47

1708        14          27       18           1           60      45
1709        20          34       25           4           83      59
1710        13          25       27           5           70      52
1711        15          17       22           1           55      39
1712        14          22       19           0           55      41
1713        13          30       25           0           68      55
1714        11          23       25           1           60      48
1715        12          24       31           3           70      55
1716         9          33       25           3           70      58
1717        16          26       22           4           68      48
1718        16          35       32           4           87      67
           ----        -----   -----        -----       -----   ------
Average     14          27 1/10  24 4/10      2 4/11              51 6/10

</TABLE>


