
                             ROTHESAY                 97


      |   Thermometer                 | Days.           Wind.               Days|  Rain   |	       Daily state of weather.				  |	Barometer.           |
1825  |                               |                                         |         |                                                               |                          |
      | Maxim.| Minum.| Mean.|  Great.| N.W.| N.|N. E.| E.| S. E.| S.| S. W.| W.| Inches. | Fair| Shower.| Mostly| Snow.| Calm or|  Smart| High W| Stormy.| Maxim. | Minum.|  Mean.  |
       	       	                diff.                                                                       Wet            moder.  breeze

Jan.     50             41 3/4           9    0	   1    1    0    13    4     3    3.90      14     10       7      0       24       5       1       1       31       29 1/4   30 1/4
Feb.     52             42 1/2		 4    2    0    0    0    15    6     1    2.48      11     10       4      3       25       2       1       0       30 1/2   29 1/4   30
March,   58             43 1/2		 6    1	   2    5    2    10    3     2    2.04      21      7       3	    0	    29       1       1       0       30 3/4   29 1/4   30
April,   62             46 3/4		 9    1    3	4    0     7    0     6    2.01      18      9       3      0       30       0       0       0       30 1/2   29 1/4   30
May,     70             52 1/2  	 7    1	   4    5    0     9    2     3    2.25      23      4       4      0       30       1       0       0       30 1/2   29 1/2   30
June,    77             56               5    7    0    1    1     9    4     3    2.13      17     11       2      0       28       2       0       0       30 1/2   29 1/4   30
July,    82             62               4    4    4    4    1     8    2     4     .20      30      1       0      0       30       1       0       0       30 1/2   29 3/4   30 1/4
Aug.     76             59 3/4		10    3    4    0    0     9    1     4    2.95      21      6       4      0       29       2       0       0       30 1/2   29       30
Sept.    70             56 1/2           5    0    1    3    2    02    4     3    3.57      12     13       5      0       26       4       0       0       30 1/2   29 1/4   29 3/4
Oct.     68             51               3    3    0    2    1     6    9     7    4.88       9     13       9      0       22       3       6       0       30 1/4   29       29 3/4
Nov.     54             40 3/4          10    5    2    1    0     2    5     5    5.66      10     12       8      0       22       5       2       1       30 1/4   29 3/4   29 3/4
Dec.     49             39 1/2           2    6    4    7    1     6    5     0    3.16      15      9       6      1       27       3       1       0       30 1/4   29 3/4   29 1/2
____________________________________________________________________________________________________________________________________________________________________________________________

Year,    64             49 1/4          74   33   25   33    8   106   45    41   35.23     201    105      55      4      322      29      12       2       30 1/2   29       30

1835.

Jan.     51      20     38 1/2    31     4    4    2    0    1     7    5     8    1.88      17      9       3      2       28       0       3       0       31       29 1/4   30 1/4
Feb.     51      29     41 1/4    22     8    0    0    0    1     4    8     7    4.54       9      9       7      3       21       1       6       0       30 3/4   29 3/4   30 1/4
March,   54      28     41 1/2    26     4    3    4    0    5    12    2     1    3.23      16      7       5      3       23       0       8       0       30 1/2   29 1/2   30 1/4
April,   57      31     45 1/4    26     3    4    2    2    2     4    2    11    1.20      20      8       2      0       22       4       4       0       30 1/2   29 3/4   30 1/4
May,     64      36     49 1/2    28     2    3    6    2    5    10    1     2    4.35      15      8       8      0       26       3       2       0       30 1/2   29 1/2   30
June.    78      40     57 1/4    38     2    5    4    3    1     1    3    11    1.28      22      5       3      0       26       3       1       0       30 1/2   29 1/2   30 1/4
July,    74      41     57        33     6    1    5    1    2     6    3     7    3.45      18      4       9      0       26       3       2       0       30 1/2   29 3/4   30
Aug.     74      48     58 1/2    24     6    4    1    6    0     3    5     6    3.90      20      5       6      0       28       1       2       0       30 1/4   29 3/4   30
Sept.    68      38     51 3/4    30     2    4    2    1    5     8    5     3    4.50       9     11      10      0       25       1       4       0       30 1/4   29 1/4   29 3/4
Oct.     56      81     45        25     5    7    3    0    2     5    5     4    2.93      17      9       4      0       27       1       3       0       30 1/2   29       29 3/4
Nov.     53      34     41 1/4    29     1    4    4    7    8     4    2     0    5.33      11      7      12      0       22       4       4       0       30 3/4   29 1/4   30
Dec.     48      22     38 1/4    26     6    8    5    2    0     7    3     0    2.78      15     11       5      0       28       0       3       0       30 3/4   29 1/4   30 1/4
_____________________________________________________________________________________________________________________________________________________________________________________

Year,    60 1/2  32 1/2  47       28    49   47   38   24   32    71   44    60   39.37     189     93      75      8      302      21      42       0       30 1/2   29 1/4   30
_____________________________________________________________________________________________________________________________________________________________________________________
                 Means.                            Sums.                           Sums.                      Sums                                              Means.



