
98			    BUTESHIRE.

Rain Fallen in Bute during the under-noted years, as measured by
	   Rain-Guages at Mountstuart and Rothesay.

<TABLE>
Yrs.  Jan.  Feb.   Mar.   Apr.   May   June  July  Aug.   Sep.   Oct.   Nov.   Dec.            Quantity
												Yearly.
1800  6.67  3.15   1.21   5.89   2.80   .95  1.70  1.28   5.95   5.27   7.02   4.20  		46.09
1801  8.63  4.52   4.88	   .62	 2.14  1.37  5.30  2.05   2.02   6.07   3.42   4.14	        45.16
1802  3.33  5.59   3.57   1.52   1.13  3.21  5.71  4.94   2.86   6.19    .95   5.71             47.71
1803  3.15  4.63   2.32   2.74   3.81  2.50  1.96  4.31   3.27   1.67   4.28   3.81             38.45
1804  8.21  1.49   5.71   2.02   5.95  2.86   .83  5.36   2.74   8.21   3.81   2.02             49.21
1805  4.88  4.76   6.31   1.07   1.31  1.55  3.33  3.69   4.17    .77   2.97   4.64             39.45
1806  8.09  5.42   1.61   1.61   3.21  2.32  4.62  5.65   3.69   4.76   8.63   9.88             59.39
1807  4.22  3.51   1.90   3.81   4.05  1.79  5.48  4.09   5.00   5.77   3.51   2.79             45.92
1808  5.47  2.92    .24   3.33   5.77  2.50  4.17  8.51   1.90   8.99   5.59   3.27             32.66
1809  1.67  3.69   2.91   2.50   2.80  2.32  2.20  8.99   4.10   3.03   3.39   8.57             46.17
1810  6.13  3.81   3.57   3.57    .83  2.14  4.05  3.93   2.20   3.45   4.52   8.33             46.53
1811  4.76  9.88   2.98   5.00   6.53  3.81  2.86  8.09   2.26   9.82   6.79   8.57             71.37
1812  3.81  4.76   4.64   1.19   3.57  2.14  2.98  4.76   2.86   9.05   4.52   1.79             46.07
1813  5.95  9.17   3.81   2.14   2.38  1.61  2.98  1.90   3.93   4.52   5.95   2.14             46.48
1814   .83  3.39   2.02   4.29    .36  2.38  4.52  5.00   2.14   4.76   7.38   7.62             44.69
1815  1.73  3.63   8.09   2.02   4.70  5.48  2.44  5.06   8.33   6.61   4.11   5.47             57.67
1816  5.89  1.49   4.76   1.19   3.81  3.51  2.74  2.74   6.25   3.75   3.93   7.02             47.08
1817  5.65  6.67   5.71    .83   1.90  4.64  6.21  6.67   2.86   2.68   6.19   5.95             52.96
1818  7.40  5.70   5.90   1.40   1.75  4.85  5.90  2.05   4.30   5.85   6.30   6.50             57.90
1819  6.60  5.20   2.90   2.50   5.15  4.90  3.00  2.15   5.85   5.70   2.85   6.75             53.55
1820  4.65  1.20   3.20   1.75   4.45  2.75  1.00  6.15   4.50   3.25   4.10   4.70             41.70
1821  2.00  2.47   5.13   3.42   1.66   .05  2.44  2.04   5.54   6.90   6.78   5.48             42.91
1822  3.05  3.66   4.74   1.42    .61  1.35  4.56  2.86   2.09   5.62   8.30   2.92             41.18
1823  2.15  4.79   3.98    .90   3.70   .53  6.33  6.58   6.54   4.00   3.00   7.50             50.00
1824  3.02  2.00   4.00   2.66    .36  1.00  2.72  3.70   4.02   4.30   7.68   7.00             42.46
1825  5.22  3.30   2.72   2.68   3.00  2.84   .27  3.93   4.76   6.50   7.55   4.21             46.98
1826  2.05  6.33   2.00   2.42    .19   .40  2.23  5.00   2.31   8.60   3.20   5.65             40.38
1827  5.12  2.68   6.14   3.80   3.00  3.70  3.05  2.63   2.90   3.73   4.22   7.88             50.85
1828  5.45  1.56   2.56   3.76   2.60  2.28  4.80  4.80	  3.30   4.40   7.10   7.50             53.11
1829  1.72  2.30   2.32   2.42   3.25  2.60  3.42  7.16   3.20   5.56   5.16   2.34             41.45
1830  1.36  3.46   4.18   3.96   4.10  2.48  5.79  4.32   8.43   2.56   5.28   3.57             49.49
1831  1.24  4.00   7.20   1.84   1.86  2.50  3.12  4.32   3.15   8.60   6.22   6.55             50.80
1832  1.84  2.66   4.86   2.20   1.21  2.50  2.02  2.80   3.00   4.90   5.25   6.00             39.25
1833  1.03  5.07   1.00   2.02   2.03  3.08  1.90  2.04   6.20   5.70   5.70  10.10             45.87
1834  9.00  3.30   4.00    .60   2.10  4.20  2.70  3.50   3.10   3.80   3.30   3.50             43.10
1835  2.50  6.05   4.30   1.60   5.80  1.70  4.60  5.20   6.00   3.90   7.10   3.70             52.40
1836  7.30  2.90   6.00   3.70    .20  3.60  7.50  3.70   7.90   5.30   6.30   5.90             61.20
1837  3.50  6.30   1.60   2.90   2.20  2.20  2.40  3.50   3.20   6.20   6.50   4.70             45.20
1838  1.40  1.80   5.20   2.60   1.10  5.10  5.30  5.90   4.00   5.00   3.00   4.50             44.90
1839  4.20  4.70   5.60   2.00   1.90  3.00  3.40  5.10   7.80   5.70   3.70   4.50             51.60
      ____  ____   ____   ____   ____  ____  ____  ____   ____   ____   ____   ____
Aver. 4.27  4.17   3.94   2.52   2.75  2.61  3.69  4.41   4.21   5.28   5.13   5.43

	The Average Temperature and Rain from 1828 to 1839 is as follows:
	        Year.       Thermometer.        Rain in inches.
                1828,        50&deg; 73               53.11
	        1829,        47.84		    41.45
	        1830,        47.78		    49.49
	        1831,	     48.95		    50.80
	        1832,	     47.89		    39.25
	        1833,	     47.32		    45.87
	        1834,	     49.16		    43.10
	        1835,	     46.58		    52.40
	        1836,	     45.08		    61.20
	        1837,	     46.00		    45.20
	        1838,	     43.40		    44.90
	        1839, 	     45.45		    51.60



