
128                                                          AYRSHIRE.

<TABLE>
____________________________________________________________________________________________________________________________________________________________________________________________________________
               Atmospheric          State of the wind taken at noon.          Atmospheric pressure.          Attached Ther.         External Ther.        Fall of rain.
                variations.                                                                                                           in shade.
____________________________________________________________________________________________________________________________________________________________________________________________________________

               Wet and  Fair.  Frosty.  Snow &   E.   S.E.   S.   S.W.   W.   N.W.   N.   N.E.   Lowest.   Highest.   Mean.   Lowest.  Highest.   Mean.   Lowest.  Highest.  Mean.   Mean At      At Sorm
               Stormy.                   hail.                                                                                                                                       Catrine.     Manae.
____________________________________________________________________________________________________________________________________________________________________________________________________________
January.....     15      12      2         2     1     10    6    12           2                  28.73      30.22     30.09    54       63        58       35       54       44      6.40         7.03
February....      8      13      4         3     1     10    1    15     1                        29.22      30.20     29.64    54       60        55       38       50       43      3.16         3.53
March.......     10      14      4         3            4    2    12     6     5            2     29.13      30.40     29.88    54       64        59       40       55       48      3.45         4.00
April.......      8      22                             5    2     6           5     2     10     29.25      30.30     30.07    58       64        61       42       60       52      0.65         0.93
May.........     13      18                      1     12    3     8           6            1     29.22      30.39     29.83    60       70        63       46       72       59      1.60         1.87
June........     14      16                      3     11          9     3     2            2     29.20      30.30     29.95    59       71        61       54       70       60      3.05         3.30
July........     14      17                             8    1     7     7     3     1      4     29.42      30.20     29.82    61       74        67       56       81       68      2.08         2.33
August......     12      19                      1     10    2     8     3     5            2     29.33      30.04     29.64    59       74        66       58       78       65      2.76         3.10
September...     13      17                      1     10    3    10     2           1      3     29.22      30.48     29.93    60       69        64       51       60       60      3.09         3.83
October.....     17      14                             7    1    12     1     9     1            28.82      30.40     29.71    58       68        62       37       65       53      3.51         3.95
November....     14      11       5              3      8    1     7           4     7            28.64      30.38     29.70    58       64        61       37       57       47      3.69         3.80
December....     14      12       5                     6    2     8           8     7            28.82      30.59     30.07    57       62        59       36       54       45      2.65         2.90
_____________________________________________________________________________________________________________________________________________________________________________________________________________
                152     185      20        8    11    101   24   114     23   49    19      24    29.07      30.22     29.86    57       67        61       44       63       53      36.09        40.57
_____________________________________________________________________________________________________________________________________________________________________________________________________________

                                                                                                                                            For 1835
_____________________________________________________________________________________________________________________________________________________________________________________________________________
January.....      9      4       12        6    3      9     1    11      1    6                  28.93      30.64     29.83    51       61        58       29       52       41       2.10         2.18
February....     11      3        3       11    1      6     2     7      2    9     1            28.74      30.19     29.40    57       63        60       36       50       44       5.89         6.60
March.......      5     16        3        7    4      4          12      1    8             2    28.87      30.49     29.71    59       63        60       36       55       47       3.10         3.30
April.......      3     17        2        3           8     2     7      2    7     1       3    29.39      30.29     29.94    58       65        60       41       56       49       1.05         1.20
May.........     14     17                      2      9     3     6           4             7    29.26      29.98     29.60    52       66        60       48       63       56       3.55         3.50
June........      9     21                             6          12      2    5             5    29.28      30.34     29.88    58       74        65       55       79       64       1.40         1.60
July........      9     22                      2      3     4    15      1    1             5    29.35      30.14     29.64    55       75        64       54       78       64       3.25         3.30
August......     10     21                             7     3    15           4             2    29.32      30.12     29.83    62       76        69       60       76       69       1.40         1.60
September...     17     13                            16           7           7                  28.97      30.03     29.42    59       71        63       48       69       59       5.10         5.11
October.....     15     16                      1      4          16      1    4     1       4    28.80      30.16     29.60    57       61        59       40       57       50       3.40         3.47
November....     16     10         4                   8          10           1     3       8    28.95      30.44     29.68    54       64        60       38       52       46       4.10         4.45
December....     12     11         8                   6     1    12           3             9    29.05      30.42     29.98    56       62        59       41       51       44       2.75         2.83
_____________________________________________________________________________________________________________________________________________________________________________________________________________
                 135    171       32      27    13    86    16    130     10   59    6       45   29.07      30.24     29.71    56       66        61       43       61       52       37.34        39.04
_____________________________________________________________________________________________________________________________________________________________________________________________________________

                                SORN.                             129

                    Catrine Works Meteorological Register for 1836.



