
     Statistical Account

<TABLE=TABLE of the Probabilities, of Life, etc.>

Age   Livg.   Dead   Age   Livg.   Dead   Age.   Livg   Dead   Age  Livg   Dead
  0    280     32     24    204      1    48     169    2     72    88     6
  1    248     10   25   203     1    49     167    2     73    82     7
  2    238      2   26   202     1    50     165    2     74    75     7
  3    236      2   27   201     1    51     163    2     75    68     7
  4    234      2   28   200     1    52     161    2     76    61     7
  5    232      2   29   199     1    53     159    2     77    54     6
  6    230      2   30   198     1    54     157    2     78    48     6
  7    228      2   31   197     1    55     155    2     79    42     5
  8    226      1   32   196     1    56     153    2     80    37     4
  9    225      1   22   195     1    57     151    3     81    33     3
 10    224      1   34   194     1    58     148    3     82    30     3
 11    223      1   35   193     1    59     145    3     83    27     3
 12    222      1   36   192     1    60     142    4     84    24     3
 13    221      1   37   191     2    61     138    4     85    21     3
 14    220      2   38   189     2    62     134    4     86    18     3
 15    218      2   39   187     2    63     130    4     87    15     3
 16    216      2   40   185     2    64     126    4     88    12     3
 17    214      2   41   183     2    65     122    4     89     9     2
 18    212      2   42   181     2    66     118    4     90     7     2
 19    210      2   43   179     2    67     114    4     91     5     1
 20    208      1   44   177     2    68     110    5     92     4     1
 21    207      1   45   175     2    69     105    5     93     3     1
 22   206       1   46   173     2    70     100    6     94     2     1
 23   205       1   47   171     2    71      94    6     95     1     1

</TABLE>

   By this Table, the number of inhabitants is to that of birts
or burials, as 14040-140 is to 280, that is as 49.64 is to 1.
And the expectation of life, by the above Table, is as fol-
llows :

<TABLE>

Age   Expec.   Age   Expec.   Age   Expec.   Age   Expec.
 0    49.64     25   41.14     50   22.26    75     7.16
 5    54.69     30   67.11     55   18.54    80     6.20
10    51.57     35   33.01     60   14.98    85     4.12
15    47.90     40   29.31     65   12.03    90     2.64
20    45.99     45   25.85     70    9.10    95     0.50

</TABLE>


