
     of Luss.

<TABLE=TABLE OF MARRIAGES, BAPTISMS, AND BURIALS,>

     From 1700 to 1719.

                    Years.   Marriag.         Baptisms.

                                        Males.   Fem.    Total.
                    1700         6       15       12       27
                    1701         6       15        9       24
                    1702         8        4        5        9
                    1703         9       13        4       17
                    1704         7        8       14       22
                    1705         9       17       17       34
                    1706         8       11       13       24
                    1707        10        9        9       18
                    1708        15       12       11       23
                    1709         7       21       16       37
                    1710         8       20       16       36
                    1711        12       19        5       24
                    1712        12       12       15       27
                    1713         8       16       21       37
                    1714        10        8       24       32
                    1715         6       17       18       35
                    1716        12       17       11       28
                    1717         7       15        9       24
                    1718        12        3        9       12
                    1719         9       13       11       24
                              ------   -------  ------   ------
Total number for 20 years
  preceding 1720               181      265      249      514
                              ------   -------  ------   -------
        Annual average          9 1/20   13 5/20  12 9/10  25 7/10

</TABLE>

     VOL. XVII. L l


