
                             GOVAN.                           701

<TABLE=II.  Rental of the Parkhouse Toll-bar, after eath road was placed
                             under a separate trust:>

       Rental from      Three mile House Road.      Renfrew Road.
15th May 1794 to 15th May 1795  L.296  8  0    ---   L. 180 0  0
         1795             1796    356  0  0    ---      200 0  0
         1796             1797    351  0  0    ---      200 0  0
         1797             1798    390  0  0    ---      440 0  0
         1798             1799    446  0  0    ---      455 0  0
         1799             1800    551  0  0    ---      510 0  0
         1800             1801    540  0  0    ---      528 0  0
         1801             1802    750  0  0    ---      530 0  0
         1802             1803    867  0  0    ---      575 0  0
         1803             1804   1075  0  0    ---      780 0  0
         1804          	  1805    950  0  0    ---      613 0  0
         1805             1806   1191  0  0    ---      617 0  0
         1806             1807   1120  0  0    ---      640 0  0
         1807             1808   1270  0  0    ---      670 0  0
         1808             1809   1170  0  0    ---      638 0  0
         1809             1810   1555  0  0    ---      308 0  0
         1810             1811   1730  0  0    ---      420 0  0
         1811             1812   1354  0  0    ---      530 0  0
         1812             1813   1000  0  0    ---      690 0  0
         1813             1814    895  0  0    ---      735 0  0
         1814             1815    990  0  0    ---      765 0  0
         1815             1816    905  0  0    ---      800 0  0
         1816             1817    960  0  0    ---      855 0  0
         1817             1818    955  0  0    ---      800 0  0
         1518             1819    500  0  0    ---      780 0  0
         1819             1820    555  0  0    ---      860 0  0
         1820             1821    550  0  0    ---      705 0  0
         1821             1822    590  0  0    ---      720 0  0
         1822             1823    545  0  0    ---      630 0  0
         1823             1824    675  0  0    ---      625 0  0
         1824             1825   1380  0  0    ---      785 0  0
         1825             1826   1460  0  0    ---      830 0  0
         1826             1827   1470  0  0    ---      835 0  0
         1827             1828   1315  0  0    ---      750 0  0
         1828             1829   1210  0  0    ---      610 0  0
         1829             1830   1205  0  0    ---      600 0  0
         1830             1831   1270  0  0    ---      685 0  0
         1831             1832   1408 18  5    ---      669 0  0
         1832             1833   1166 13  4    ---      583 6  8
         1833             1834   1276 13  4    ---      638 6  8
         1834             1835   1270  0  0    ---      635 0  0
         1835             1836   1306 13  4    ---      570 0  0
         1836             1837   1436 13  4    ---      593 6  8
         1837             1838   1550  0  0    ---      650 0  0
         1838             1839   1590  0  0    ---      670 0  0
         1839             1840   1806 13  4    ---      778 6  8

<TABLE=III. Rental of Gorbals and Muirhouses Toll-bars.>
       Years.       Annual rentals          Years        Annual rentals
       1800-1     -    L.900                1810-11   -   L.2060
       1801-2     -     1020                1811-12   -     2600
       1802-3     -     1300                1812-13   -     2750
       1803-4     -     1470                1813-14   -     2730
       1804-5     -     1255                1814-15   -     2895
       1805-6     -     1340                1815-16   -     2895
       1806-7     -     1190                1816-17   -     3200
       1807-8     -     1463                1817-18   -     3315
       1808-9     -     1205                1818-19   -     3670
       1809-10    -     1270                1819-20   -     4000


