
<APPENDIX>

<TABLE=COUNTY of ABERDEEN, by PARISHES.>

      8.           9           10           11        12            13               14
    Minister's      No.                               Capital                     Total annual
   Stipend, Etc.    of      Total income     Num-    Stock of the   Annual Col-  income of the 
   the grain con-  Scho-    of the School-   ber of   Poors         lections      Poor, includ
   verted          lars.    matter           Poor     Funds                       ing collec-
                                                                                   tions.

    L.  s.   d              L.    s.  d.              L.  s.  d     L.   s.  d.    L.  s.   d.
    77  1    8     120        40   0   0       50     238  10  6     20   0   0     30  14   2
   121  5    0      15         7  15   0        8     120   0  0     11  10   0     19   5   0
    85  4    8      40        18   6   8       16      60   0  0     14   0   0     14   0   0
    84 10    8      30       *14   0   0       10      70   0  0      6  10   0     10   0   0
45.127  2    5 1/2 *28       *14   0   0       30      50   0  0     16   0   0     18   5   0
    68  5    8     *20         8   0   8       24     160   0  0     11   0   0     18   0   0
    75 18    2      20       *14   0   0        8                     4   0   0      4   0   0
   126 13    8      62        10   0   0       33      40   0  0     10   0   0     12   0   0
   130 10    0      30        22   0   0       37     380   0  0     18   0   0     42  15   0
50. 73  7    01/2   30       *14   0   0        4      60   0  0      5   0   0      8   0   0
   130 15    11/2   25        12   7   9 1/2   14      50   0  0     18   4   0     20  14   0
   114 10    5      30        10  12   0       17     140   0  0     15  15   0     20   5   0
   *90  0    0     *20        11   1   1 1/3   22      95  11  1 1/3  8   0   0     25   2   0
    82  8    6      20       *14   0   0        5     140   0  0      6   0  11     16   0   0
55.118  0    8      20       *14  10   0        6                    12   0   0     13  10   0
   123  8    0      30        14   7   6       40     130   0  0     17   8   5     26   6   5
   141 19    4      25        12   16  8       20      20   0  0     28   0   0     28   0   0
   106  3    0      30       *14    0  0       10      25   0  0      4  10   0      4  10 
   107  4    0      40        14   15  7 1/3   15      75   0  0     17   0   0     20   7   6
60 121 12    0      40        30    0  0       38      75   0  0     40   0   0     40   0   0
    67 13    1      20       *14    0  0       36     388   6  8     20   0   0     36   0   0
   134 11    4      25        10   10  0       20     217   0  0     14   0   0     24  17   0
   108  0    0      50        20   11  1 1/3   33     200   0  0     37   18  0     55   0   0
    95  0    0      30        20    0  0       40     778   0  0                    45  19   0 
65 140  4    8 1/2  30        15    6  8       24      80   0  0     18    0  0     25   0   0
    73 11    0     *20        11    2  6        9      20   0  0      6   10  0     7   10   0
   119 16    0      60        12    0 10       30     140   0  0     24    0  0    32    0   0
   112  6    8     287        35    0  0       80      90   0  0     66    0  0    70    0   0
   123  2    4      30        20    0  0       36     100   0  0     22    0  0    27    0   0
70 100  0    0     *15       *14    0  0      *10                                  *8   10   0
    93  5   10 1/2  40        12    0  0       51     150   0  0     14    0  0    33   10   0
    73  4    0     *40       *14    0  0       20      90   0  0     16    0  0    20    0   0  
    91  4   10 2/5 *20       * 0    0  0      *15      15   0  0      8    0  0    12    0   0
   115  7    0      30        15    6  8       22     130   0  0     15   18  5    27    5   5
75. 14 10    8      40        13   12  0       26                    18    4  0    20    0   0
   108  0    0     100        11   19  0       40     100   0  0     10    0  0    20    0   0
    70 16    0      46       *14    0  0       30     140   0  0     24    0  0    30    0   0  
   127 18    0      30       *14    0  0       20      22   0  0      8    0  0     9    0   0
   112  4    3      50        12   10  0       44     100   0  0     30    3  2    45    0   5
80. 96  1    8      15        12   16  8        6      40   0  0      4   10  0     6    10  0
    93  9    1      20        11    8 10 1/3    5      54   0  0      6    0  0     8    24  0
    75  0    0      30       *14    0  0       17     100   0  0      7    0  0    13    10  0
   110  0    0      30        11    10 0       30     120   0  0     33    1  8    58     6  0
    87 10    8      26        14    11 0       30      57  10  0     14   10  2    15    15  3
85 126 17    5      35        30     2 0       22      50   0  0     24    0  0    34     0  

</TABLE>


