
     Statistical Account

<TABLE>

Years.   Marriages.   Males.   Females.   Not of this   Total   Births.
                                             Parish
1749        15          41       29           6           91      70
1750        21          24       25           0           70      49
1751        16          28       22           1           67      50
1752        17          31       19           2           69      50
1753        17          21       25           4           67      46
1754         9          32       29           0           70      61
1755        20          33       17           0           70      50
1756        14          19       27           0           60      46
1757        14          20       20           2           56      40
1758        12          27       17           0           56      44
           ----        -----    ----        ----         ----    -----
Average     15 5/10     27 2/10  23           1 5/10              56 6/10

1759         8          26       20           0           54      40    
1760        15          24       19           0           58      43
1761        21          35       24           0           80      59
1762        22          28       25           0           75      53
1763        24          34       23           0           81      57
1764        13          30       36           0           79      66
1765        13          23       27           0           63      50
1766        19          40       34           0           93      74
1767        17          23       38           0           78      61
1768        12          23       20           3           55      43
           -----       -----    -----       ----        -----   ------
Average     16 4/10     28 6/10  23 6/10                          55 2/10

1769        24          27       36           0           87      03
1770        31          28       36           0           95      64
1771        18          44       41           1          104      85
1772        19          42       46           0          107      88
1773        15          38       33           1           87      71
1774        13          32       28           1           74      60
1775        15          37       29           0           81      66
1776        10          37       27           6           80      64
1777        12          31       32           2           77      63
1778        19          28       23           2           72      51
           -----       -----    -----       -----       -----    ------
Average     17 6/10     34 4/10  33 1/10      1 3/10              67 5/10

</TABLE>


