
     Statistical Account

<TABLE>

                                  Marriages                                                Baptisms.                          Burials in Old Machar                                     Burials in Spital                                 Snoro
                                                                                                                                  Church yard.            Church yard.                                    Ch. yd.
Year   Males only     Females only    Both resi     Total of 1st   Grand Total     Males.    Females.   Total   Males.   Females.   Sex un     Total of 1st   Grand total.   Males.   Females.   Sex un    Total of 1st   Grand Total.   Sex un
       residing in     resing in     ding in the     and 3d co                                                                       known       and 2d co           known.    and 2d co           known.
       the parish.    the parish.      parish.        lumns.                        lumns.     lumns.

1753       6               8              27            33             41           50          38        88      21        25        18            46            64                                                                        2
1754       7               8              19            26             34           45          43        88      20        22         9            42            51                                                                        2
1755      15              10              35            50             60           42          50        92      15        26        11            41            52                                                                        2
1756       9               3              26            35             38           54          40        94      11        31        14            42            56                                                                        2
1757      11               4              23            34             38           39          42        81      12        24         7            36            43                                                                        2
1758       9              12              21            30             42           31          46        77      27        37        13            64            77                                                                        2
1759      14               8              23            37             45           39          31        70      26        29        11            55            66                                                                        2
1760      11               5              27            38             43           59          44       103      16        31        10            47            57                                                                        2
1761       5               8              20            25             33           49          55       104      22        23         7            45            52                                                                        2
1762       8              11              22            30             41           49          48        97      23        27         8            50            58                                                                        2

Tot.      95              77             243           338            415          457         437       894     193       275       108           468           576                                                                       20

1783       9              10              25            34             44           36          38        74      50        61         1           111           112          99        111        12          210            222           2
1784       8              12              29            37             49           50          32        82      43        48         1            91            92         120        124        11          244            255           2
1785       8              19              39            47             66           55          45       100      44        40         0            84            84         122        111        10          233            243           2
1786      13              12              43            56             68           77          72       149      46        48         0            94            94         100        138         8          238            246           2
1787      16              10              37            53             63           74          71       145      46        64         1           110           111         119        127        10          246            256           2
1788      11              15              45            56             71           59          66       125      51        44         1            95            96          95        121         8          216            224           2
1789      12              18              35            47             65           63          68       131      49        62         0           111           111         111        144         9          255            264           2
1790       8              15              47            55             70           67          75       142      47        70         1           117           118         121        146         7          267            274           2
1791      25              22              48            73             95           78          61       139      35        56         0            91            91          92         80         5          178            183           2
1792      14              16              38            52             68           91          64       155      63        71         2           134           136         127        112        12          239            251           2

Tot.     124             149             386           510            659          650         592      1242     474       564         7          1038          1045        1106       1220        92         2326           2418          20

</TABLE>


