
488                                  ABERDEENSHIRE.

springs, which it is known indicates the mean temperature of the
place.  Several of these, not remote from the manse, have their

<TABLE>
             Temp. at      Temp. at                Highest     Lowest      Rain
Months.     9. h. 15 M.   8 h. 30 m.    Mean.     during the   during the    in
  1835.        A.M.          P.M.                   Month.      Month.    inches.

January,       34.&deg; 61      34.&deg; 55    34.&deg; 58        52&deg;         7&deg;      0.75
February,      38.  57      38.  37    38. 47         59         24        2.95
March,         40.  63      37.  06    38. 845        55         21        3.5
April,         45.  53      42.  13    43. 83         59         27        2.375
May,           49.  9       47.  16    48. 53         64         26        2.6
June,          57.  76      54.  90    56. 33         82         35        1.8
July,          59.  41      58.  48    58. 945        73         42        1.6
August,        59.  93      58.  58    59. 255        79         40        2.275
September,     53.  2       51.  23    52. 215        66         35        5.2
October,       44.  25      43.  19    43. 72         56         26        8.35
November,      41.  03      41.  33    41. 185        52         21        4.5
December,      35.  45      35.  13    35. 29         47         12        1.8
               -------      --------   --------       --         --       ------
               46. 689      45. 1758   45.9325 mean of year.              37.7

  1836.
January,       36. 03       36. 2      36. 115        46         22        3.3
February,      35. 0        34. 3      34. 65         46         14        5.25
March,         38. 40       36. 6      37. 5          52         13        3.6
April,         42. 63       39. 4      41. 015        59         22        3.075
May,           52. 83       51. 16     51. 995        71         30        1.3
June,          57. 03       55. 6      56. 315        74         38        1.65
July,          56. 12       55. 93     56. 025        73         41        5.6
August,        55. 19       54. 54     54. 865        69         31        2.35
September,     49. 86       48. 73     49. 295        60         31        5.6
October,       45. 38       44. 54     44. 96         62         25        4.9
November,      37. 36       37. 28     37. 32         48         26        5.575
December,      36. 12       36. 9      36. 51         51         11        3.35
               --------     -------    -------        --         --       ------
               45. 1625     44. 265    44. 713 mean of year.              45.55

  1837.
January,       35. 19       34. 19     34. 69         45         18        2.3
February,      37. 03       36. 39     36. 71         50         25        3.3
March,         33. 9        31. 96     32. 98         46          8        1.25
April,         39. 18       37. 23     38. 205        54         20        1.75
May,           47. 38       45. 83     46. 605        60         32        1.8
June,          56. 5        55. 96     56. 23         77         28        1.9
July,          58. 87       58. 41     58. 64         69         44        7.8
August,        55. 25       55. 83     55. 54         76         33        4.9
September,     57. 56       51. 8      51. 68         64         38        2.75
October,       48. 93       48. 38     48. 655        60         25         .7
November,      38. 13       37. 46     37. 785        57         25        1.45
December,      38. 9        39. 32     39. 11         57         22        2.15
               -------      -------    ------         --         --       -----
               45. 068      44. 396    44. 73 mean of year.               32.05

  1838.
January,       28. 74       28. 48     28. 61         46          9        3.0
February,      27. 785      27. 357    27. 571        44         12        3.5
March,         37. 258      35. 838    36. 548        52         13        5.4
April,         39. 9        38. 33     38. 815        54         19        3.775
May,           49. 61       46. 41     48. 01         69         21        2.7
June,          55. 0        53. 7      54. 35         66         24        4.2
July,          58. 7        58. 61     58. 655        74         43        1.2
August,        55. 645      54. 774    55. 2095       67         34        3.025
September,     51. 4        50. 4      50. 9          66         28        4.6
October,       43. 741      43. 967    43. 854        57         15        2.85
November,      35. 9        36. 33     36. 115        48         18        4.9
December,      38. 645      38. 32     38. 482        51         21        2.1
               -------      --------   --------       --         --       ------
               43. 477      42. 7096   43. 0933 mean of year.             41.25


